1686432074580 2.2159442968368532 1999
1686432079984 1.8577757213115693 3999
1686432085447 1.658725691705942 5999
1686432090936 1.56342279997468 7999
1686432096382 1.5154119115620852 9999
1686432101862 1.4610639034062625 11999
1686432120008 1.3888716741204261 14499
1686432125461 1.365452148705721 16499
1686432130963 1.327330317750573 18499
1686432136531 1.2849857443347574 20499
1686432142087 1.2782428666092456 22499
1686432147523 1.2301736022457481 24499
1686432165829 1.1768166588190943 26999
1686432171382 1.1452874474581332 28999
1686432176997 1.175314445719123 30999
1686432182519 1.1418019046802075 32999
1686432188076 1.1719746291814372 34999
1686432193645 1.1530436951247975 36999
1686432211987 1.0673185831997543 39499
1686432217516 1.086134884858504 41499
1686432223029 1.0682972804214805 43499
1686432228520 1.0729118572566658 45499
1686432234111 1.0876508165504783 47499
1686432239736 1.0663604112584144 49499
1686432257944 0.9863599270205013 51999
1686432263478 1.0153725304231047 53999
1686432269017 1.0017027347590775 55999
1686432274527 1.0092827618829907 57999
1686432280027 0.9979232526575215 59999
1686432285625 1.0049519829112106 61999
1686432303988 0.9320518014198169 64499
1686432310020 0.93864859331958 66499
1686432316005 0.9450268791448325 68499
1686432321527 0.9490141212688759 70499
1686432327100 0.9618256784249097 72499
1686432332622 0.9809561013564234 74499
1686432350948 0.8698556836030912 76999
1686432356437 0.8791275797653944 78999
1686432362045 0.9125391960600391 80999
1686432367584 0.9233782277610153 82999
1686432373140 0.898035719358595 84999
1686432378629 0.9359062227923423 86999
1686432397227 0.8308860169777181 89499
1686432402736 0.838477439800743 91499
1686432408232 0.842030266567599 93499
1686432413729 0.8742093824693001 95499
1686432419282 0.9144819488376379 97499
1686432424809 0.8997663399814628 99499
1686432444218 0.8039052710905671 101999
1686432449713 0.8196543670701212 103999
1686432455198 0.8133112131997478 105999
1686432460842 0.827991137907622 107999
1686432466361 0.8646235998142511 109999
1686432471820 0.8654173137804028 111999
1686432490080 0.7575839134439594 114499
1686432495575 0.7980614667232149 116499
1686432501058 0.7998662850767141 118499
1686432506493 0.7967114414942916 120499
1686432511973 0.8215078237205161 122499
1686432517399 0.8602821854513604 124499
